85053271329
59047242843
93704954042
95916348343
84067453771
78995867825
70598845621
55858780883
77178672023
62249076782
69703841975
74101725035
76249930044
72530185432
77108270300
59808820373
73659991355
97848271503
69509710247
99065351327
83761509908
92580708400
75216576474
58839832089
60720865807
60993730330
64599280767
25991600247
87333172554
67802298352
72919212456
71948083459
82547698960
63262909092
71825180632
83808840115
82297473205
93335248863
78825753966
102178646516
72400291297
88808017811
57953497659
93903374376
94097576659
94980305327
72396589084
4349321419961357
73301662599
79579595438
5259916841
97072645507
98785534504
67625655962
75349769730
93499610825
70840291126
59241522163
93552357199
98259979490
96165616895
100391964385
53958831338
23896471122
59941796318
